m:
93
82 88
193 83
444 82
679 75
978 88
1321 96
1751 99
2140 82
2398 320
2056 318
1736 286
1280 276
861 250
448 251
239 280
348 438
775 428
1252 434
1807 470
2318 488
2389 644
1918 663
1360 632
822 567
300 575
139 728
520 860
1036 885
1528 903
2066 906
2284 1069
1982 1130
516 995
237 991
405 1181
936 1168
732 834
978 754
1226 936
986 996
635 1041
718 1268
1303 1299
1623 1184
1388 1083
1502 1252
1793 1266
1791 973
1638 610
1521 722
1272 806
1064 589
1409 536
1576 382
893 263
1080 347
977 429
752 304
648 355
602 526
564 617
427 678
423 995
534 1159
440 1279
245 1267
88 1008
262 810
239 681
111 454
2145 469
2143 584
2250 763
2210 901
2110 1082
2195 1256
2418 1183
2425 935
2452 173
2330 216
2198 328
2019 164
1929 310
1976 504
1791 611
1707 754
2007 752
1909 865
1816 1079
1622 1023
1193 1116
1033 1299
794 1061
K:
0
