m:
58
243 146
381 134
440 235
231 294
376 391
348 514
261 597
422 703
236 819
346 941
403 1023
256 1140
377 1262
479 1292
384 1113
253 954
467 949
313 805
396 648
550 485
328 444
225 396
348 295
314 142
525 78
452 272
478 475
540 767
454 958
311 1100
220 1223
341 1322
534 1156
2331 113
2215 229
2340 450
2162 682
2206 907
2353 1191
2127 1272
2295 1063
2345 782
2194 503
2405 181
2309 345
2338 564
2409 685
2210 770
2158 882
2330 943
2175 1040
2188 1155
2257 1295
2319 1121
2470 947
2430 729
2261 597
2446 335
K:
0
